Rendering 15c8 chain A...
[ 65.0081114087786, 9.458897867981268, 52.88370408817213 ] [ -0.5612025260925293, 0.7813931703567505, -0.2729036211967468 ] [ -0.01601863093674183, 0.31940606236457825, 0.9474825263023376 ] [ 0.8275234699249268, 0.5361011624336243, -0.16673465073108673 ]
[ 66.90370877583821, 13.398333331259588, 52.89870834350586 ] [ -0.568125307559967, 0.6927810311317444, -0.4441712498664856 ] [ -0.7943015098571777, -0.6027755737304688, 0.07580709457397461 ] [ -0.21521782875061035, 0.3958738148212433, 0.8927291035652161 ]
[ 66.90370877583821, 13.398333331259588, 52.89870834350586 ] [ -0.568125307559967, 0.6927810311317444, -0.4441712498664856 ] [ -0.7943015098571777, -0.6027755737304688, 0.07580709457397461 ] [ -0.21521782875061035, 0.3958738148212433, 0.8927291035652161 ]
[ 65.1673218395577, 13.31032614630563, 54.699811149564425 ] [ -0.59904545545578, 0.7491887211799622, -0.28259652853012085 ] [ 0.09275244921445847, 0.4154806137084961, 0.9048606753349304 ] [ 0.7953248023986816, 0.5158411264419556, -0.31838086247444153 ]
{
  momentsAxes: {
    origin: [ 65.1673218395577, 13.31032614630563, 54.699811149564425 ],
    dirA: [ -20.803626418416965, 26.017795695421963, -9.8140008460779 ],
    dirB: [ 1.300177963290914, 5.824091360319184, 12.684084570088295 ],
    dirC: [ 8.538093115070165, 5.537736980992961, -3.417931191966604 ]
  },
  boxAxes: {
    origin: [ 66.58636155499144, 10.851968293465298, 54.705971269210565 ],
    dirA: [ -20.040718390114662, 25.063674292953667, -9.454103014582032 ],
    dirB: [ 1.7189221795793108, 7.699838097401206, 16.769207685998968 ],
    dirC: [ 11.913990774238139, 7.727316440863777, -4.769355421551436 ]
  }
}
14.98003159819622
[ 1.7189221795793108, 7.699838097401206, 16.769207685998968 ] [ 11.913990774238139, 7.727316440863777, -4.769355421551436 ]
{
  mode: 'perspective',
  fov: 0.7853981633974483,
  position: [ 6658.6361554991445, 1085.1968293465297, 5470.597126921057 ],
  up: [ 0, 1, 0 ],
  target: [ 0, 0, 0 ],
  radius: 0.01,
  radiusMax: 10,
  fog: 50,
  clipFar: true
}
deltaDirection initial [ -6658.6361554991445, -1085.1968293465297, -5470.597126921057 ]
deltaDirection match dir [ 11.913990774238139, 7.727316440863777, -4.769355421551436 ]
target: [ 66.58636155499144, 10.851968293465298, 54.705971269210565 ]
deltaDirection final [ 31.132758218996756, 20.19245095902589, -12.46292632026293 ]
newPosition [ 35.453603335994686, -9.340482665560593, 67.16889758947349 ]
////////////////////
{
  mode: 'perspective',
  fov: 0.7853981633974483,
  position: [ 35.453603335994686, -9.340482665560593, 67.16889758947349 ],
  up: [ 1.7189221795793108, 7.699838097401206, 16.769207685998968 ],
  target: [ 66.58636155499144, 10.851968293465298, 54.705971269210565 ],
  radius: 14.98003159819622,
  radiusMax: 10,
  fog: 50,
  clipFar: true
}
///////////////////
{
  mode: 'perspective',
  fov: 0.7853981633974483,
  position: [ 35.453603335994686, -9.340482665560593, 67.16889758947349 ],
  up: [ 1.7189221795793108, 7.699838097401206, 16.769207685998968 ],
  target: [ 66.58636155499144, 10.851968293465298, 54.705971269210565 ],
  radius: 34.553490016652376,
  radiusMax: 37.89352625882277,
  fog: 50,
  clipFar: true
}
deltaDirection initial [ 31.132758218996756, 20.19245095902589, -12.462926320262923 ]
deltaDirection match dir [ 31.132758218996756, 20.19245095902589, -12.462926320262923 ]
target: [ 64.9888406978551, 9.454520584501994, 52.87152229678748 ]
deltaDirection final [ 78.75350484729205, 51.07887561051431, -31.526250307477518 ]
newPosition [ -13.764664149436953, -41.62435502601232, 84.397772604265 ]
////////////////////
{
  mode: 'perspective',
  fov: 0.7853981633974483,
  position: [ -13.764664149436953, -41.62435502601232, 84.397772604265 ],
  up: [ 1.7189221795793108, 7.699838097401206, 16.769207685998968 ],
  target: [ 64.9888406978551, 9.454520584501994, 52.87152229678748 ],
  radius: 37.89352625882277,
  radiusMax: 37.89352625882277,
  fog: 50,
  clipFar: true
}
///////////////////
Finished.